4
0 0
3 1
2 3
0 3
---
5
0 0
2 0
1 1
2 2
0 2
---
3
0 0
2 1
1 2
---
5
0 0
2 0
2 2
0 2
1 1
---
58
0 -600
100 -600
200 -600
300 -600
400 -600
500 -550
600 -500
700 -450
807 -398
900 -100
900 0
900 100
900 200
900 300
900 400
853 600
800 800
500 923
200 1000
100 1000
0 1000
-100 1000
-200 1000
-300 950
-400 900
-500 850
-600 800
-700 700
-800 600
-900 500
-900 457
-900 411
-900 357
-900 303
-900 279
-900 230
-900 101
-900 99
-900 27
-900 0
-850 -100
-800 -200
-750 -300
-700 -400
-675 -425
-650 -450
-600 -500
-550 -550
-500 -600
-450 -600
-400 -600
-350 -600
-300 -600
-250 -600
-200 -600
-150 -600
-100 -600
-50 -600
