6
2 1
2 2
4 2
6 2
3 3
5 4
2
2 4 0 4
4 10 2 5
---
12
0 0
1 2
2 1
5 4
-2 2
-4 -2
-1 -2
3 -1
5 1
3 2
0 4
0 -4
6
-4 6 -5 5
-1 2 -1 1
-4 0 -3 3
2 6 -3 5
4 5 -3 -2
-2 1 -6 -1
---
35
32 56
69 64
8 0
19 56
84 62
97 29
1 63
20 35
20 49
66 30
10 44
36 10
56 52
5 43
23 80
25 34
31 76
91 75
32 69
51 11
30 29
43 33
9 90
68 72
60 4
92 49
13 72
44 90
24 90
34 43
47 17
27 51
26 27
93 8
29 62
10
8 58 93 143
88 138 38 88
85 135 93 143
88 138 20 70
11 61 46 96
87 137 10 60
9 59 87 137
68 118 3 53
73 123 0 50
74 124 5 55
